2452
8779
3801
2734
9262
5430
4742
1785
8072
1117
689
4259
9870
5495
2877
5496
3880
9642
2302
7663
573
9839
6256
1170
8953
9279
695
2955
8141
2559
3969
771
3700
5662
9989
6897
4753
3260
9909
5963
2352
2088
1705
6591
6882
6090
3798
1532
5824
1149
8163
3130
4241
5021
8707
7355
8141
6384
141
3132
9352
1999
5141
5916
8839
4330
4259
4144
57
7504
9276
7841
6994
7498
6482
2721
9193
1256
2921
8638
3287
7917
5909
5570
6875
2444
2878
2875
1951
518
4807
9435
7147
6058
3227
3222
7082
1647
5684
5247
5752
8032
5935
7760
5403
5055
2734
3308
8990
723
4958
24
8465
7174
9362
1898
2136
8368
463
9057
3176
8890
9614
317
5051
2463
5577
6162
5306
9294
7432
9110
5159
6548
4957
222
205
116
1054
1988
603
8874
1593
8066
5984
3350
7868
6137
7207
8543
1710
8190
283
3428
2904
904
8317
9271
9552
2485
5885
7761
4170
8104
8439
5121
7031
6012
2109
8438
3440
4158
6635
8095
6150
6926
3958
7718
9981
8728
4412
8768
9098
2992
7060
7844
516
7273
4109
7506
612
2477
616
8035
7095
1467
2995
2168
2421
7673
1009
3616
2242
9774
1091
3556
7580
6508
1863
3190
6022
899
9208
357
89
2632
3290
8845
5520
9281
7225
9321
8994
8890
7409
8404
3522
2581
6835
3564
3681
1040
1812
9203
8154
853
3735
1178
9513
5509
9484
9673
8810
2174
9110
9052
1629
2473
5355
1373
7904
7993
4970
3247
2554
3675
1297
3793
8993
7175
6452
3959
9006
3036
7024
2514
7785
2785
7537
778
5338
2721
3388
1964
5428
4503
6507
1223
5592
6778
1452
2185
1618
276
5950
8070
6138
9310
7257
441
457
4817
6075
315
8253
5594
4288
8747
1760
1808
9291
2787
9159
5503
2683
1580
5526
3653
6175
9771
3471
2968
4936
5352
7704
2498
2555
8092
3142
4054
2555
5037
1928
3350
5365
1302
3457
1634
5640
3781
5875
256
5328
1689
7405
9362
8820
4937
8562
9472
5968
3213
6915
2520
9106
1324
8557
8156
7361
4770
1723
7237
3804
5
6081
5717
7419
3032
1677
2059
6774
7027
1906
6380
6698
2967
5106
3692
208
7331
1120
9240
2250
5610
6346
9983
2772
4186
5228
114
9656
7696
6294
8980
5735
4724
3535
6471
6923
5262
6973
8079
6113
7453
8449
1799
764
1329
3242
1907
4928
8662
1810
8663
5421
5729
9404
8621
9065
7767
4909
9260
5689
258
3485
1330
3012
9027
3389
9860
7871
4542
9860
5109
1647
5579
6954
7488
498
2254
8330
2497
5027
4817
8515
2276
4990
4497
34
2658
5023
8585
8987
2387
870
8030
2878
4666
4870
7593
15
7329
5036
2456
9917
1562
4854
904
1297
9416
650
9976
1970
2421
4125
6143
4498
4984
4488
975
9429
9347
8469
2538
5827
4310
2482
581
1856
966
3823
8561
9065
5891
3740
6353
7571
3246
132
4952
8274
4996
7760
8025
8251
8346
9677
7260
5939
6833
4886
8417
8614
3091
3075
2498
4185
3285
5986
2331
2170
3782
826
6443
8598
3174
139
5692
514
3273
469
533
8822
9335
7067
9118
8943
6809
7929
8899
7116
5282
8870
8640
8918
4248
8230
2543
3266
7438
4826
7074
4488
3534
7359
2289
8977
6550
7080
5566
3791
2231
6650
4277
8148
1700
5739
7498
1042
3844
2768
6436
899
465
7147
1229
553
935
6260
4570
4602
5793
6816
7506
5826
7226
8393
2825
1032
3032
3705
1104
5092
1522
4832
5479
4143
3999
9576
6629
5057
2703
2683
2150
3184
5619
1973
9805
4173
7980
4326
3677
8371
1341
3179
208
1409
9176
6239
2238
2520
2826
6885
2189
3022
6205
8170
5190
175
9597
242
8127
6309
5896
7202
3435
6370
779
3417
942
4647
5689
5500
7158
9024
3470
381
3251
186
4534
4268
3103
2427
9142
5687
5855
889
2287
5106
6652
2062
9155
1232
6560
6591
7070
46
2269
1269
685
5970
5993
4332
5089
2270
1234
2694
9964
1273
3294
6374
9072
1311
6438
2126
2662
1572
2138
1556
4543
5735
6285
6597
6553
261
3555
3441
59
4048
2206
1417
4628
2003
2338
5182
7615
1698
7086
4096
9502
2012
6376
612
5142
403
712
3611
5627
7199
4568
6864
5709
8641
4176
7195
4895
9322
7267
3727
1727
8070
6283
4840
8173
3182
8026
558
7986
7074
696
5265
3706
1192
1039
6249
322
1028
656
8784
4836
8144
87
8454
5950
9873
2320
8689
6211
5813
8785
196
6487
1503
358
9663
1139
8978
7352
8627
5524
220
6791
339
8226
8135
6632
2771
1678
8006
1685
7405
2324
856
1213
8346
3845
9083
4559
1551
4622
1889
823
8647
5739
1439
8825
9196
205
9812
9361
6891
1283
9162
4406
3171
3900
9994
2327
8953
3810
4998
8371
7918
1805
6947
3609
5575
3891
4353
8421
6348
3240
5249
1145
9302
3727
2318
5314
1326
6491
2053
6784
7106
1528
911
5820
8624
3307
2100
293
2746
831
2165
9771
524
9297
6628
6770
7812
6498
7061
3433
1471
4053
7001
3622
6565
3170
1959
3145
6310
2275
9911
9416
8558
2473
5208
2070
5069
6207
4975
8748
2536
2732
3164
6399
4352
7337
3487
9254
6847
2219
3096
3294
7221
3588
3318
5030
1939
4959
8076
81
6723
5355
1106
4425
2162
1420
9084
7800
3914
3662
6845
9266
9432
649
3368
5051
4726
7546
3881
5035
7473
9102
5145
5840
8723
9458
2113
6855
5939
6145
8853
9109
5354
935
1682
9438
2190
2841
5246
6164
6242
872
5118
437
5620
2147
8302
5970
1078
7325
4143
3544
5399
3878
7165
5517
1803
4725
1270
9597
6413
1638
4926
6907
3460
2423
1615
1406
4483
3096
6179
8491
7003
1624
9827
8331
532
5109
5029
192
3838
8549
5131
5056
5097
6673
8282
3152
9155
6212
3163
3223
5818
8280
3019
2170
7837
9566
7634
993
1915
5034
2394
1686
3878
3597
9890
717
4756
5652
50
7914
8864
6064
5048
966
9775
5979
4881
6698
8155
7898
4366
1981
9597
4951
4389
8017
5964
1167
428
3239
6202
8900
2939
4603
1104
4327
5242
5792
1192
5108
7247
4366
6351
6591
9098
4649
8939
6976
5348
8913
1308
1174
537
4958
3144
7247
5878
9720
188
7444
6344
1814
5663
3419
3385
7266
8736
3367
5931
3895
8007
2158
3797
2114
2255
6335
2305
6991
6656
9513
7377
4361
5081
1610
9638
898
3553
5819
4856
2631
8993
7417
8448
314
7401
6224
4993
7628
8003
9912
9290
6880
6169
5631
3816
5600
9627
9120
4221
7063
898
7630
1700
9427
6875
3554
7130
3556
8064
3626
404
5866
4637
8313
6710
8049
2656
9819
5605
7972
8682
7334
1801
1965
376
3400
5328
4283
1856
9195
2178
708
580
9556
9776
6710
7307
1719
5241
5659
7944
1479
8907
8123
3250
4260
1898
9911
1970
9093
6664
6080
4503
1673
8279
6400
7267
9066
8638
2229
2516
7983
8437
9415
2194
3249
1470
7014
1166
2630
6335
4164
4289
803
9157
6118
5421
9729
4113
7868
8018
4391
4654
3672
3318
8758
4396
1010
1621
5238
4954
7539
2931
3167
1731
5214
2262
8293
8012
512
8256
6318
9338
6226
2540
5587
2374
169
3928
7757
474
3606
2876
3527
7730
2326
6096
8153
5171
1882
1512
3014
6898
2046
9360
6825
2611
1607
5429
7717
5437
4773
9698
8258
8627
1478
3635
9081
4839
1368
8515
1710
642
9037
2777
9767
6131
3589
7268
8511
6163
99
4823
9781
9393
1683
368
349
9746
1135
6658
4931
8195
4877
8650
355
9328
4570
1964
5809
4922
1717
990
1576
9774
5748
9887
9724
9162
8711
807
509
6163
3630
9115
1647
2124
5158
8304
3268
4877
3844
6828
5898
2860
6943
6049
13
3226
982
7539
366
5688
1184
7753
1642
524
8018
305
8096
5526
8852
4535
8210
9396
7963
7554
7076
2198
6857
2486
2264
4754
4872
9
4341
9657
4633
7112
9559
7168
6106
8427
5207
9261
6185
1849
3329
532
5213
9887
5272
8944
7175
6710
9355
2089
8755
6989
826
3395
491
7606
8010
9644
2758
4899
2856
8333
1919
8097
1162
9457
4591
9993
5090
7145
491
5918
5710
7173
8582
3975
6972
5531
6019
9175
740
1101
5024
9205
3700
8228
8760
1750
102
5268
8670
8354
5452
7752
3895
9571
6721
5188
6774
6066
1715
4539
6140
2262
6681
6339
6394
3966
998
8321
9830
1177
2806
1282
8892
9910
5936
4101
9108
386
356
4059
750
1590
9427
9232
3091
5675
1094
7083
9566
1145
4530
4415
8880
2615
9012
8613
9762
3003
7919
7668
7115
9252
8070
8358
824
7823
2957
5677
3708
6791
5893
7879
73
5561
9284
2352
3825
5274
532
1418
5607
3887
6718
7300
679
6707
2001
1196
2979
6735
3450
3444
1155
4224
8202
8113
9815
9511
9787
3199
3510
7296
9386
2039
1267
9238
6806
215
1231
9828
3649
5518
4804
3055
3096
3829
867
1290
5896
2564
661
8987
1295
1798
1815
7607
1579
9203
4062
1105
8064
7510
4876
237
9937
4507
9936
7468
9006
2856
7336
4136
6081
7002
9086
1500
9485
9473
6543
4449
9378
9953
5541
813
5535
9427
9056
9610
3606
8629
1233
5686
8790
9166
1519
1706
5293
6698
5150
4097
3799
7472
8888
1984
565
8990
4841
2133
8602
8563
2905
1311
547
1096
3610
4449
3061
3650
1466
1791
5266
5437
9258
3353
5006
7677
5717
715
9084
9384
9972
8759
5370
5945
3998
9032
6818
1290
3991
2071
2201
3694
5535
4480
2847
6468
7765
1744
2781
8486
1333
3934
5077
9931
2303
6918
7017
5736
8647
9817
5659
8907
373
722
2953
8943
9354
8362
3622
6838
5866
9739
260
2627
2123
3330
9224
2223
3586
1694
5264
4297
205
710
7526
2086
7408
9586
788
3084
5543
8891
9103
431
495
935
4002
653
3306
1215
4291
7868
5316
2255
8508
6943
2602
762
2254
4199
1929
739
3550
973
3320
4292
1967
8079
8740
7104
6550
9870
5985
3052
455
3713
325
2361
9914
4668
1146
6000
3883
9299
5886
7223
1659
4337
4266
8436
8213
3000
8787
8258
5937
7342
6791
9004
1956
4421
37
6023
9686
3619
2394
3214
662
5617
1713
4954
4392
7494
2157
7602
3104
8979
8453
5033
4801
2298
6857
9211
9548
1168
8051
9040
7837
7636
9017
7253
4867
6426
2611
2960
4899
9799
4818
7536
9443
6146
486
2982
6490
5631
9090
3065
2255
3701
2221
5009
3577
5855
8330
7722
3558
8514
2868
3226
4559
772
9455
2186
5562
5495
556
9237
2666
135
6630
3837
7590
1582
6721
1833
1937
9987
5648
8998
4228
4772
534
3423
3570
2684
8747
2177
6829
3219
5785
3085
5150
1606
1068
2016
7759
5198
9302
2213
9274
1762
5361
2930
1561
7372
3216
8606
4000
2166
1242
6031
6051
4804
7782
478
1751
4941
398
4253
1159
4584
7708
8222
4115
8266
3126
9250
2996
431
5305
8327
8579
6654
7326
5325
2468
456
9541
8390
7259
1879
3974
6677
731
7310
4277
2138
5075
9868
5004
9080
5713
5941
2984
7695
3667
4371
9166
5589
9780
9007
6310
5119
6387
2105
4175
9657
6054
5225
4296
5297
2582
6042
4737
8258
958
6055
382
7676
4316
3861
2030
5313
4988
1103
1773
18
9357
990
6840
8560
8591
3458
4769
292
384
3767
1212
4062
8886
599
8438
5098
5389
6606
7531
929
4346
9022
1843
2479
8734
6215
7614
1028
7833
4834
1169
3159
7297
9165
3561
75
6283
6151
4662
9132
1225
592
1155
3293
8650
5381
1386
9872
1494
3359
9052
1398
990
9522
1237
3966
1365
6356
7949
5752
8641
2719
3733
1351
2400
719
54
813
894
904
9553
1321
2738
1444
3926
9089
3679
5170
8964
5193
7673
3424
364
9137
8118
3028
4991
4260
8563
128
7924
437
9273
5128
2952
9194
4851
5125
6940
9865
6461
3603
1264
9216
2365
9299
7795
6152
2429
2354
6634
9155
53
5814
174
6595
3094
2502
2543
5561
2872
8974
4980
1910
142
8642
5461
8385
9237
3860
5760
3698
5463
4338
9449
2643
8522
1673
9849
825
4243
4407
7413
7274
3576
9623
6127
3378
2490
6553
8572
4314
1540
2316
1758
4618
1255
6400
2581
5424
4440
5567
4784
7967
8143
8497
6752
6434
970
4792
9661
6627
5710
2538
1860
3454
3154
9207
8130
113
1559
1825
8611
4983
6356
1347
7294
9863
6344
7454
9426
6424
8587
1616
5691
2413
4085
7345
8020
2485
1086
8138
8359
1732
8580
8052
6595
3144
4149
5046
2149
5350
2488
3883
9992
7118
7273
492
9917
1924
4580
3130
908
4488
9443
6280
8240
4837
6065
7520
2119
8445
5305
608
4917
562
9934
4483
9490
5867
7230
1582
5806
4557
628
6608
1349
8959
9462
5325
5283
2227
5846
561
485
4334
2578
4620
171
3421
6032
4759
1600
4015
3658
3055
7708
7034
3492
2933
5454
5112
4464
4417
1443
7321
5341
2087
4964
669
3069
3071
2729
2508
7119
9743
7412
4268
5271
9722
8359
2703
7168
1732
351
2456
9818
668
9122
3113
4425
5539
2415
3073
9038
4276
5382
2857
1784
5814
6721
4451
540
2375
5446
6483
2411
179
1880
7175
2060
8935
6503
8032
5171
826
9660
8772
7682
6761
8941
2364
8736
8921
1559
1683
5365
3469
1193
1762
4441
29
5092
6723
1134
3456
3356
5560
8283
762
3408
1523
5390
8009
4160
1931
8272
365
617
6958
3209
6817
7497
1858
7381
786
5606
8006
3700
3140
2206
5313
2360
1687
9936
4382
1101
857
1348
8574
7549
8498
3928
2807
9690
6384
5895
5205
8184
2704
5401
1001
2245
5668
457
4050
8346
2902
9886
7792
6167
371
3999
6894
9613
7938
3857
5600
6145
4938
2321
5471
579
1075
2301
1887
4958
3446
4183
9526
8442
7927
415
4348
6176
2847
3823
6509
8376
4847
5355
2167
2547
9812
7851
9221
414
2217
3379
148
7793
1100
603
3516
1702
3211
8699
4237
6574
1393
3709
6818
7056
8151
4076
2985
7911
3804
7806
5311
3852
9690
1078
7915
8826
1441
7619
5184
6572
7234
5574
9750
6875
4532
6347
4565
5097
7200
4326
9480
8860
509
5495
1250
3151
7539
3225
9152
2511
1424
5480
7541
6207
9571
1593
4509
8489
7450
8022
5977
9379
3898
9118
8921
6851
1957
5803
1064
6840
181
1639
7085
5159
1460
4310
2053
7255
7239
4626
1804
5922
1345
5907
4364
336
8268
4740
3839
9762
3795
5790
5790
9045
7109
4069
3431
7787
7885
8760
1570
2508
3361
3802
191
7044
2017
5899
2140
7617
9477
5351
6309
7091
7873
8807
5810
7164
3331
3670
9072
3413
707
7484
5625
4108
2699
3211
2648
4167
5100
9298
7902
6706
8068
8872
8705
7173
6615
9396
7080
6980
3482
8429
7295
445
9046
6665
2246
4048
5027
4350
7257
6112
9264
7312
1925
291
7830
7546
9555
7749
8455
8375
1516
9636
2567
4933
9173
1957
7371
5083
4430
1944
8197
9897
3932
6707
8796
3447
1118
3820
2502
1282
6821
5613
3910
4597
3931
3905
9487
7620
5565
1075
9527
2961
9758
1098
3650
6548
6448
9174
5725
2193
812
6909
3799
804
2884
6625
8401
116
6277
7688
8223
6383
8721
7051
502
5941
754
7182
7073
9170
557
2759
5780
3352
20
9512
7792
5672
3565
7095
4141
8333
7506
1018
1151
4909
6612
3085
7852
547
1242
5962
2908
5171
5562
7904
8427
23
8138
4284
2699
5958
8514
4286
7222
8251
6787
4707
9851
2797
240
5372
2666
6024
3131
9143
7809
2607
8489
8314
3517
3111
1587
3869
1452
8767
6056
393
5593
1959
4487
8363
5665
9432
3098
5653
1767
9779
4225
1720
1367
9821
3156
1877
318
7360
4206
8925
2709
5712
4965
1493
4865
5836
3229
5878
3768
4241
8924
4701
6630
3399
9044
2026
7123
9511
8418
1163
8272
2782
6325
8448
1446
2767
7684
11
1936
6904
7338
3680
1979
2445
2047
4500
4188
9623
7447
7850
4438
4839
5198
865
4310
4847
2465
7472
4479
249
8213
7404
7527
5522
4954
9729
2962
4238
1673
1066
4708
8963
6227
8846
9298
9346
8356
9051
6170
9732
6953
8533
3223
3810
8578
6211
4728
4794
7232
1765
8145
6748
8959
294
2841
8439
6989
1157
2156
2199
4954
3690
5691
4020
7612
9140
5386
4940
800
9978
4267
5411
6354
5380
1803
7132
1256
1848
7670
5995
6095
3435
812
4999
9519
9039
5874
2807
6842
796
8025
8763
5543
6146
2910
2714
9085
5358
3606
7272
3195
3725
8812
3941
9294
9399
8260
5675
803
8458
1796
5875
7252
7015
3888
207
3681
8817
2591
727
545
2355
8675
251
7429
6377
1676
7393
1348
6775
6994
4292
3827
3528
5735
4642
9335
6920
8378
4173
2063
507
7553
1190
5321
662
9469
4739
2241
7746
9774
5779
7389
681
6690
1339
2563
3157
3319
6194
1655
6212
794
7396
3182
7582
4176
798
2775
874
6106
2528
4959
1198
2715
5145
3471
3048
9957
808
1172
4321
6334
9929
1823
4416
6092
4389
484
5709
1966
1320
5947
136
5474
5564
3364
477
9917
3479
3664
5125
8301
6846
9872
4269
2605
5598
227
8956
8279
4097
734
739
493
3815
9180
4226
8016
5787
396
7422
5602
8667
6313
330
9390
3737
8141
3037
1550
4446
3926
2918
6690
3719
8990
6902
7492
5952
7670
9548
8531
5305
3956
6521
8827
3831
4495
4049
2886
9704
6002
8274
1134
4414
3777
2264
5994
3384
9943
5148
9037
641
8829
8782
8009
3459
7210
7112
1715
5548
9993
5392
3471
1824
3202
6225
488
5026
217
1610
3772
7169
9163
7367
8443
7564
4376
6452
1255
4135
3977
9848
7667
1190
2548
3751
2644
2170
6630
5327
6236
878
6720
8450
7444
8222
5385
7149
8155
5784
6991
4858
7369
3188
4012
6424
3577
1866
6983
6755
6632
5476
92
5132
6715
1798
3106
8072
8890
1921
8825
1342
4682
7133
2268
8200
7602
6903
3214
6543
3661
1772
5954
1771
49
4875
7070
4947
8959
1886
7181
5387
8577
3151
1828
4473
7063
8823
3199
2050
51
3388
4144
4373
5597
9377
4975
3353
4309
1913
1119
2888
1973
2604
7093
5248
6689
2252
5910
6888
9177
2989
5334
4621
2343
4600
8933
6961
4308
1681
7791
2155
1227
6998
7022
7660
112
8642
4948
3859
1994
8587
2379
6434
715
7545
2673
5878
1291
5982
2694
3619
5715
1605
3271
7350
7941
8839
183
2828
5745
1946
5516
909
4432
4527
3877
7251
4007
133
5018
5691
1950
6292
2989
8009
8223
5736
2702
5205
5965
9499
8553
6418
1156
7903
426
7783
1535
1445
3507
6039
720
7468
8641
698
8158
5555
7233
1435
5453
3259
2914
6463
4016
7598
5111
8288
8201
1420
4750
9864
164
7609
7900
6284
9339
9421
9193
8565
5871
5201
1458
972
9546
7622
1971
2041
1227
3764
9701
7147
7192
8865
556
1703
8319
7641
8386
1345
916
6752
3651
110
6093
6824
4339
2511
7616
7536
9296
8022
1131
9003
642
9295
799
7821
4291
8183
7802
4048
7864
3877
8807
3018
6840
3164
5468
7304
8585
5628
7541
2655
3017
9023
2033
7347
6076
2971
1639
57
4760
9981
9423
6322
2663
3284
1247
7640
7819
2444
1108
1861
1075
2718
2867
2141
3739
8637
9617
5118
146
8402
898
3681
2671
1529
1950
4699
8091
4117
8511
4193
4292
3911
6883
4144
8802
5006
2488
5448
102
6881
1441
3985
5407
1198
3152
831
8925
8537
1432
8036
4765
6941
9450
5524
6784
2335
6616
4361
4649
2286
8226
762
5079
7790
4179
6637
130
6707
1601
2721
5913
3311
8998
186
6952
1212
9577
1829
6525
256
8407
9815
1529
9154
7188
8928
4173
5049
31
4459
5429
2748
1425
5832
1402
2412
1480
2004
6034
5955
220
7197
321
9688
867
3063
2912
3939
8564
3174
4451
887
9757
5939
3010
9936
9278
8096
4404
3256
8161
8995
3478
9752
2829
2672
7533
3698
3051
7714
9093
7025
8684
8009
3217
7471
6343
3754
1028
6477
1686
6434
8401
3049
1308
4566
9916
4944
5993
8084
1827
8868
9502
4067
4060
977
5847
8579
2494
2290
2028
1176
889
8374
556
8555
2673
6016
9493
2898
8663
2119
2097
1842
7744
1475
8714
7627
8855
7964
6005
7886
5964
6114
1566
7572
9433
7313
1907
103
2855
9326
4898
9795
9439
1418
3980
4855
6870
7997
2887
5298
7690
7528
5767
6851
4084
9829
4401
1016
9377
4624
9709
9008
4835
7315
8931
7796
2909
9287
5071
3930
1954
3646
5441
5789
5004
9227
7018
2651
2471
9016
5488
9608
1724
2220
362
6369
7956
5095
3177
1706
4395
1388
9920
9087
3717
3220
425
736
1894
7163
3383
675
3395
285
4559
8327
3185
7120
5538
8252
8050
3766
5408
7317
8014
5106
5554
8477
3062
8256
8471
1775
2708
5823
9592
2296
8298
8425
3271
732
7008
9976
6567
9313
4597
559
6180
7934
9692
8858
1943
395
7113
8984
7659
8082
4782
583
2774
9926
9286
9539
9484
9451
6965
2165
2171
6038
8217
7684
5843
6449
8796
5547
5250
8909
3762
9542
2279
4045
1267
5970
7709
8074
4257
8400
9677
3462
969
6245
9899
3482
6160
713
6873
7499
2842
6538
9417
4075
7073
103
7522
3270
3860
9427
889
1845
9531
9350
9049
7979
1329
2973
2119
3665
7774
9116
1358
219
5420
2154
5218
7516
8099
4254
9138
911
1728
2817
7833
4090
8124
8488
9440
5926
9718
7090
7929
7011
7711
9730
2790
9170
3754
1732
5932
2104
3905
2520
9761
8808
9105
5092
9663
6954
5770
2502
9426
7572
4795
3426
71
7400
3403
7684
9805
4560
8209
9162
19
4960
4660
1949
6383
2692
3995
8136
3150
348
5577
1286
7535
1034
8327
5311
8557
7623
135
1369
94
6093
6869
5976
4244
1609
2687
6441
2571
8778
8307
1731
3379
5494
6099
6653
3563
7117
496
5830
1681
8645
1731
4281
5110
7811
4146
3562
9213
5634
9203
1353
5320
5723
3717
8956
7461
2048
7752
16
5440
6529
4151
5202
4125
1095
1141
830
6916
4748
712
8185
2523
6361
9563
4167
8777
4707
2092
4141
2861
2779
1693
5369
630
6661
3790
951
406
2096
3565
774
2155
699
7016
4107
9401
2829
3569
4416
3444
5800
4671
5656
392
429
2187
9244
4919
322
9119
4820
7628
5053
4287
1654
3450
2480
4809
7762
4090
2532
4801
4007
6695
4681
465
2121
3810
4121
132
1198
2425
4544
9920
3050
1797
846
3255
8713
7517
9495
3523
5557
4975
4446
559
4078
1846
139
4842
381
5756
9818
9341
9000
1993
9105
5253
863
1188
2550
7225
4694
9420
2934
7234
2110
2562
6513
3249
5018
4328
5208
9394
1213
3480
5000
1105
7672
8375
9160
6849
7879
5953
1840
4326
591
549
7851
6822
5667
6258
1817
8051
5643
1029
8975
6921
8924
6907
9142
2690
250
8369
728
4457
932
3559
5463
4584
2261
8051
8349
7770
2701
5192
9918
5444
9494
9166
8380
9356
4652
6979
9011
7696
483
5897
462
5935
7454
9005
890
1149
9220
4650
9841
394
9777
9990
1019
7526
9836
7738
5927
1713
8294
340
1837
3078
7527
1961
3519
8290
8853
6674
7155
7929
4105
6575
9162
9134
8644
6608
3892
8406
3735
213
1828
1395
3414
8084
1547
8828
9579
6704
5152
2321
9877
1273
9420
9649
1452
8161
4134
8197
2477
1446
2586
9463
7842
9012
9213
2864
3189
6521
2949
9986
8224
3703
5913
9018
7037
6882
65
3153
8014
3053
7686
4012
7667
9349
8254
7214
2524
5752
6196
4167
69
706
4458
7295
9083
7442
9278
3693
1366
951
5445
3885
3004
1102
6933
3372
6340
7602
6234
855
8508
4521
9282
9422
4513
4616
3875
8350
9597
1998
3112
3052
8558
6383
7597
9163
532
7391
5086
2154
6238
3532
9673
9715
2447
6722
4776
1854
5986
9944
8162
5177
6360
1372
8130
8146
1642
7017
3722
5600
7737
2170
1931
989
2254
8011
8330
6167
1863
3962
1577
3054
6971
6554
2179
1171
4086
3703
8407
8459
7574
7111
6336
2789
601
8193
2347
5729
9324
1631
6572
400
8539
5201
5986
168
6470
8333
7888
5268
5243
795
4367
2436
164
7600
9146
9026
6550
5208
613
909
6370
5799
261
3088
6688
4837
3768
8300
6766
5648
8787
4056
3020
7469
1293
7053
5126
4475
1015
3906
6651
979
1032
9663
3032
3232
7802
136
8328
8754
7288
3498
7534
3086
5001
4628
1637
7387
3130
8531
9511
8226
3735
803
827
8783
8243
3696
8203
5639
5020
9040
3
3773
3794
4054
2415
3461
6092
4365
721
8358
3504
416
9063
5484
177
7129
2582
1118
8013
6133
6909
9367
1195
7270
4932
2092
3821
9467
570
9641
8985
7343
57
1758
7030
59
7888
3565
8263
8152
1962
3206
1274
1915
5469
4043
2078
6854
2772
9874
9869
9139
1327
3175
6418
5143
9469
6497
6773
2919
2880
4580
5252
9045
2417
4540
3597
7637
6748
9716
7623
3009
3674
1
7974
6741
6145
7845
1219
787
7345
2337
599
8129
5647
52
5516
9275
5743
1584
1714
181
1285
2448
9904
5807
9818
6142
8525
301
1249
1870
3171
979
9844
3271
5155
3604
4599
9194
962
1210
603
8141
6036
7720
1893
8924
8646
4254
4637
5092
4450
9100
1454
2280
9801
4524
9618
9845
1547
3575
203
3847
4434
9574
1040
423
8370
9583
1535
5060
1815
2554
7335
8649
2342
6314
4508
1629
4259
1068
7412
2557
8015
2731
342
1052
2752
1663
9937
2478
5841
4512
6509
9686
2714
6231
6582
1183
8864
7296
2119
3541
7917
3506
2921
6492
2099
8563
4899
3619
843
3659
9930
1272
1455
7309
1286
7061
5927
285
9459
2038
4940
9141
592
5911
7678
6770
3485
4495
9470
839
7612
8755
6469
1258
9531
2787
7947
9563
3618
5406
2746
7270
7297
6040
4933
4118
8991
2291
16
9827
8671
2741
1676
1199
8383
4787
2970
9075
5603
6727
3425
8858
863
3767
7476
2645
749
525
6171
8420
2846
1681
6434
304
2772
5169
4089
7921
2710
547
1942
2206
8036
4751
8882
9623
6462
4441
8014
5569
6144
5853
5340
2404
8268
3066
7762
9175
882
8502
8750
8373
3390
2799
6589
7116
4551
9635
656
3514
8355
5767
3784
8550
7537
1136
9527
1969
5362
7155
760
6101
8384
5308
8907
6061
2592
5889
2524
5035
2810
6341
6011
8791
136
8864
9118
6183
3307
6415
2690
4226
3846
2540
1311
4877
7949
1569
2547
68
6960
5367
9931
207
7540
7904
9961
7234
8377
2306
4570
1262
5330
4498
8035
9780
3530
8825
3048
6314
8341
2893
2968
45
1251
7100
7282
8572
2385
7528
9843
1346
2854
6608
1856
6394
5545
653
3229
5945
4937
500
7856
3140
9421
1824
792
968
1872
886
9999
5472
1233
2493
666
3663
5849
5281
2435
2221
7628
8569
1862
2685
4572
896
8475
1145
626
4554
5472
5625
8022
5357
2842
9379
6003
3976
426
7471
4269
2825
823
103
9493
2554
1100
1066
1880
8108
2286
279
5828
2054
6139
2371
7511
903
704
7415
4067
6097
1280
9921
9900
1483
586
3964
3976
632
9704
4389
3917
7753
7597
5819
6388
9384
8976
1620
6030
8403
1083
3671
9055
8289
1818
1727
1755
1107
8660
3381
2223
93
327
4656
5330
6301
2991
7248
3036
3986
9568
9734
7114
4803
2581
1917
5733
8282
548
8378
5631
7757
8738
3818
4609
5677
974
8364
7793
8098
2343
2661
5782
6451
464
3593
1429
6842
3700
6671
894
5521
6338
8023
6881
7901
69
9475
3087
38
6489
2256
9521
549
6999
1879
8328
1305
2992
1404
7501
2945
8287
8531
8464
8433
1446
4254
9180
6719
8047
5304
9944
5185
134
5061
4213
9685
2432
3556
9556
3101
7983
9441
4273
1552
4970
3103
7030
2062
7946
4001
4734
2648
6025
888
2728
2883
9639
3421
7683
9074
5761
6644
1821
371
3946
6455
9105
7377
735
6751
7168
8536
7626
9586
7505
802
8725
695
2826
9730
4013
2758
8330
9351
4038
7963
1676
8710
6974
9118
2596
8260
5501
7320
1448
2343
3495
9718
1368
4545
1307
2415
9826
7288
5903
6326
8357
5623
2616
691
7792
8206
8493
8609
3160
3821
9646
7771
5031
5561
2032
2888
7891
6501
1971
8380
9998
4674
3881
847
7483
1900
1392
7123
5071
9811
3297
1412
8828
2552
9546
862
4653
7920
7288
9074
4418
5601
8174
8017
9921
3589
476
3292
9473
2248
3477
7676
3578
698
6107
3990
4902
8905
4526
3009
7623
9686
8680
3492
3198
7813
4049
4259
4037
1446
7484
5759
2299
7089
9493
9217
8280
1169
1885
9151
6754
5292
3741
8611
1875
916
6031
9021
9564
7104
8778
3806
7672
5414
7651
2021
4056
2056
4534
2652
9275
8950
4858
5374
4366
325
1741
7101
1292
9798
6952
8729
827
2018
4374
3220
2165
9050
3002
7088
9813
9966
7652
5449
7106
469
5417
6962
4810
1
8670
6630
2975
2327
8113
3673
6136
3311
9833
9985
3724
1859
5480
7857
5089
6048
2415
1002
8499
758
2556
9316
3788
1656
9322
2015
5249
7334
8814
7515
1466
14
2572
9909
7946
803
7771
9119
1028
9280
9162
6321
3998
1815
4106
4898
1544
5522
5819
9928
1304
1570
8607
1913
5054
6041
338
7243
470
2018
2221
5287
3198
3744
3987
9140
7919
5461
2746
2069
7279
690
3548
3618
3376
2388
9529
32
6005
5214
9395
2886
1979
4207
7514
9138
7639
9778
4238
2619
3832
2054
8379
6303
3119
2650
6207
4188
1583
6639
8755
8436
3292
7147
7346
4075
7982
4215
3204
7258
1576
4053
3546
2292
442
1803
9116
5514
5756
5178
7962
413
5679
5928
9537
9567
644
320
9875
2221
1340
6418
7237
8159
1755
985
1158
5989
8734
3085
8317
5372
9414
3175
1369
9656
5162
597
4028
7936
8852
9580
5812
7336
2427
4090
7215
7452
9517
4822
9718
4908
8413
4858
1622
7817
7509
2844
5625
2357
8202
9429
8700
4032
8709
5174
3981
5227
1222
3979
293
1723
922
3860
1849
9838
7920
5625
5917
8386
5948
8248
7265
8298
3333
1726
3392
2447
7355
4778
2464
6441
3157
5480
6074
2585
4299
9154
5916
4857
364
5494
4389
1919
3961
3043
3806
4920
9675
701
5752
2005
3124
380
5905
6680
929
7130
6054
47
996
3256
7357
386
609
861
2586
2626
9823
4661
4197
7630
6865
4303
3791
9113
2448
146
932
6465
4597
6164
8662
864
4987
7504
9601
4408
9909
604
5667
6527
7630
9215
1505
2474
5056
42
1037
3896
5759
6882
9079
1691
8744
3897
6840
9969
1014
6310
6886
2410
7219
6855
5925
7075
6657
9509
5196
3964
8518
9110
4387
7449
1613
6341
6050
7761
891
9629
9002
7044
3244
5173
7001
3329
7432
5540
7103
3632
7622
5737
526
588
4478
8323
2323
6383
7683
7564
3146
1614
3508
1832
8759
6891
1463
1247
4301
3087
3706
8701
7275
6675
5949
5557
2007
1202
36
7799
8895
148
5194
4821
2940
127
6887
4443
1440
9814
2518
691
2538
344
122
2860
2520
6207
8462
8115
5949
5140
8810
4452
1014
5336
64
3919
7776
6284
1216
9149
793
3403
615
4247
5126
6393
8991
7
1897
6020
6115
3298
5374
4860
793
5689
4823
6627
9509
3768
7340
8629
2534
7230
5489
7675
8794
9723
5939
5754
1579
1220
9582
3212
8451
3127
52
2186
1308
6440
9415
5284
1905
3835
7113
4847
3440
3881
7645
3939
9604
3803
667
1198
6596
8071
3209
9140
9255
233
7222
363
5210
7767
4906
86
2741
7791
5354
6272
3409
2933
1836
4248
6446
555
5058
6452
7265
190
2480
5113
7880
7536
5897
7466
5841
9734
6212
1188
5191
319
5893
7619
3720
4656
5865
8275
1457
9964
23
9717
3252
7498
1613
4930
685
9266
493
820
8245
8546
5669
4407
6559
3445
4771
5783
4238
9117
4191
8106
8351
4711
1098
6206
4335
603
4632
2767
8660
1180
9051
6697
2826
5116
3549
4788
9260
7010
997
63
8513
8550
5995
7524
5959
7058
1005
9789
6420
8730
6756
7072
3976
6979
902
6682
9938
4589
8235
5462
8465
511
414
5262
6214
18
3539
3794
1857
5801
4919
1028
1178
9514
4765
9863
420
8142
8035
8635
7536
4820
8277
4743
1718
8065
4122
8464
3075
8276
9293
8100
5828
4629
3959
4100
4052
6434
3699
2761
1106
6115
4427
7983
1115
1936
7563
4198
1756
2625
1224
9087
2040
2720
1506
7960
9504
4593
1139
6443
3048
6911
7981
6245
1433
6009
4326
3705
9968
6707
6962
921
597
7001
3171
3179
3665
6710
6871
9296
2452
5893
5826
3625
1551
8835
3354
5841
9677
7356
1432
9702
5514
1015
6655
2214
7979
1441
3376
7594
5204
4567
671
8211
8071
5706
6808
3564
7754
2559
6519
9976
6904
2345
1731
7255
3446
1854
1347
869
3821
5
3845
5204
7114
9638
9995
6613
2921
4947
6815
2375
3558
144
2404
710
6488
4202
42
5134
8899
4486
1320
5409
9954
9245
7707
8629
5865
9410
2038
9286
9974
1303
7429
1447
1333
2411
298
7633
5912
6400
179
3974
1327
6031
4097
980
4648
6508
6050
7436
8134
1638
7608
3816
9083
6347
4627
840
1252
8827
6789
3395
5072
7462
5112
5537
5119
2419
8966
1016
1901
3926
4987
311
3422
6894
8660
9788
3584
7655
9784
3500
1981
5642
9008
1352
1462
5096
6350
4988
3853
1057
3224
4933
5890
3931
2970
5411
5869
2269
6937
963
629
5548
1750
2616
9821
6226
5485
843
8735
5747
8876
5681
3229
3666
400
8965
7701
8236
2256
1939
3534
2242
4231
4606
4420
4140
9105
2169
4880
7830
1069
2214
4691
8553
2037
7685
9850
6706
7485
4045
6866
5864
211
4214
2618
9213
5903
3629
2080
2126
2176
2379
9623
5867
9927
8780
7762
4711
3134
7055
9904
1970
4268
9324
3940
8335
5483
4703
111
9065
5746
7614
206
5765
6812
2455
8468
4681
8215
6012
4434
4658
8191
4507
2958
6842
1275
8820
2503
1533
6976
1748
5618
6457
8558
885
812
7545
8715
1826
6397
7939
6732
5435
8062
7819
7197
6164
8947
5249
2910
1377
25
7119
5858
5560
5293
8535
1608
2200
6522
9682
2219
2112
1002
4942
1839
6429
3425
1081
305
6501
3199
4004
7870
4737
7469
4442
1568
1034
7086
1758
3860
7406
9300
8127
4639
153
6820
3114
9863
2877
5117
3820
5745
6759
7432
3205
1491
3575
6472
2902
6880
1943
24
338
7
968
9853
3671
7538
6820
9735
9176
7597
2517
40
3545
4727
7287
8956
6400
2968
6762
6045
2636
4946
1096
5155
859
1747
3156
179
3364
6297
5330
100
7294
2837
691
7790
6365
7398
936
6153
2882
45
3627
1076
9380
7109
1166
4239
7703
9006
8631
1304
2296
320
5646
9752
2630
2685
7503
9443
5602
2648
8187
4259
4644
733
6089
2869
7633
5912
7612
4497
947
5916
2475
320
7206
1348
2696
6187
3031
3187
1879
4282
6860
9760
8061
4744
4270
2066
3009
6315
7338
4119
5957
665
6934
3140
9302
5689
2097
1770
5308
5294
7916
381
2408
3635
8426
3190
2856
4112
8580
5370
2845
9873
1931
762
7667
2701
5131
4330
770
149
7875
1130
5652
9550
8369
2840
3519
7421
3806
8112
1169
3915
411
9097
9995
6060
784
6839
748
5532
3150
9537
5412
6047
6145
6793
2092
7347
6945
3197
187
6306
8734
4002
849
8738
9138
9777
544
4486
674
6230
9567
928
1094
8897
4905
3846
9978
5280
9340
1226
9712
9879
4383
9841
8047
1931
2567
4229
4983
4649
1907
277
2284
878
4118
61
6058
4288
2886
5375
5554
9410
1894
334
889
8079
3985
6585
5356
3992
4516
315
9884
6175
6641
1932
4891
9865
9535
3209
7186
7375
9256
970
582
9962
9941
7927
2241
4363
516
7202
7381
7281
4552
152
2146
4204
4989
9361
9196
7292
2923
6197
1606
7248
3609
3894
4413
5904
7975
7726
8368
5289
9290
8957
208
3336
3365
4562
2250
9146
5540
1313
8045
4600
8191
2978
5284
5399
4302
5214
4983
5933
9472
9274
8301
3015
26
3063
1763
5260
7360
8266
9001
1666
2130
5081
4097
2034
3327
7095
750
6236
187
8918
5498
7563
2665
1784
6163
6643
5030
127
4268
208
9727
111
6678
3249
4067
1914
9006
4787
150
2362
7326
6615
7558
3068
4674
5793
463
4309
6262
6358
6498
8517
9084
7344
4548
3325
3838
7910
9381
1116
2773
4035
5098
7583
9974
1084
3835
5322
6972
2880
3199
8326
4480
1709
8042
9979
6940
7885
5514
6854
1351
5927
8368
8525
1621
5782
4760
5038
9912
3098
1747
9228
7287
9597
5925
7485
5010
2358
8598
8761
487
4779
4020
1037
4782
4804
536
116
30
5162
4980
739
2392
4287
4703
5118
2304
8808
5116
6331
8878
2266
5425
4501
1738
5796
3480
7695
8115
1665
6720
282
8728
6488
4243
7379
1370
6374
3082
254
3100
2577
757
4241
4091
3895
9385
426
5571
9089
3135
1488
2013
2308
1944
5465
271
3725
225
9014
5013
113
6305
4327
8418
3504
116
8689
7205
6285
9134
6999
7695
7831
3727
5324
3445
3852
1501
8746
9772
3551
7976
420
164
6643
3836
3415
3948
2495
3225
8758
7642
1
6531
2565
7042
5283
5565
8909
4622
741
8254
7540
6057
2728
8231
9323
2799
2342
4242
8538
4644
7559
3188
6678
711
7757
97
2171
3840
9607
6336
6138
8152
8024
5029
4443
1009
5093
1724
747
9876
1015
7842
2289
7598
415
5296
5541
2504
1850
8909
198
4934
6503
3165
4375
9489
7529
3988
2883
8786
2074
2797
5259
1980
896
2392
3308
8584
5849
3554
1430
5626
367
9066
1476
3104
7037
3170
6811
8679
594
9330
5454
572
7475
7202
4485
2538
8585
3191
4896
7614
6490
6673
5994
3458
2538
8672
4860
698
7393
6339
9581
8171
3555
8829
8178
3174
3360
7116
6781
1019
1997
3273
7670
4108
5521
816
204
7883
2007
5416
9943
3513
2300
3577
5347
7642
8602
9840
770
6700
5808
2486
5603
6442
5618
3756
3896
5372
3614
2336
8940
9572
3664
5136
9114
5439
5617
612
9947
7402
4014
375
4319
7722
5099
4016
6028
3554
2661
8645
8802
4160
5278
4761
6290
5274
7660
2422
349
2413
3602
4737
8410
1830
290
1888
5224
4962
960
5780
1886
1710
4273
6521
8436
305
2743
7386
5175
5452
4038
1122
6406
9947
9755
2712
2740
4799
6678
8197
7847
9320
312
7223
3392
4905
3442
7429
4194
4731
1216
6630
9737
2559
1770
8952
1310
1558
4216
6043
7913
2935
9667
8304
9818
23
4432
5945
6182
8112
940
9303
4817
3542
6938
1219
9210
9131
6926
4574
8079
4355
7185
9197
8092
8209
1755
5750
2941
3685
9451
822
9249
3744
6042
6606
2422
8059
2399
5209
4305
185
4787
9884
715
4826
3554
8200
231
5970
9551
7529
9428
307
7931
3127
3578
400
1423
9507
5232
2158
799
7699
7279
5376
2832
1741
1341
4624
7760
7687
411
3039
1698
1181
7741
5364
7185
9590
6434
2403
2822
5795
8086
7219
9163
4862
5238
5670
787
7477
8720
8227
8653
5077
7632
4349
4131
5306
3604
5406
4307
4232
6290
5392
7014
1053
5109
2170
1388
4227
9456
5794
1974
2265
8602
1068
8140
6452
1261
9977
2556
229
5225
5242
1773
2067
6447
6163
9798
8082
2995
2644
4777
9561
8529
4516
2571
2134
307
6013
7710
5745
3463
5820
5765
773
8505
9880
9349
3184
4836
9687
3494
7330
2503
9379
2393
7497
202
8204
7601
582
3369
4706
3886
4865
4532
2881
5021
5026
3907
5352
2064
2570
9487
9986
8195
1862
716
3943
726
6680
2691
2356
5423
1480
4066
1233
8210
8140
685
5457
9131
8769
4886
7894
1765
3052
3946
961
1441
6868
780
6924
5245
9475
7613
9811
5328
6034
1901
7797
7641
2849
9482
282
4614
4961
1838
8372
5911
8673
2390
4005
7877
6945
947
8881
2199
5963
6823
5820
4476
3816
4910
1965
6473
5986
7792
1278
1914
9561
1557
1530
126
6652
3252
4843
2696
6431
6040
7209
7327
9761
681
7441
3200
8589
2335
4720
1837
2582
5487
2951
800
7568
840
9806
301
7720
1610
3159
7141
7542
7250
8455
885
3191
7316
7835
6726
5357
5600
7075
6246
4198
8018
6788
6600
2036
9069
3149
9223
2706
8201
5642
2341
1721
6346
5131
6856
6141
4847
9401
221
3351
9181
1893
810
6976
834
7238
9779
8308
6406
6221
9737
3476
817
3878
8317
9369
1954
116
8642
6103
1602
4132
8569
5310
9746
8439
8073
4409
8236
8963
5448
3615
935
1424
3614
356
4844
4529
9881
1167
7193
2812
7837
7737
4467
9325
1434
4445
1618
5621
3425
9961
9366
609
1354
2083
7762
6792
6709
9026
1496
7366
2417
6717
5378
4733
4418
8377
7563
4065
8014
3669
287
9638
6289
7074
2091
6198
2215
7709
5140
5205
4660
5811
4020
6987
9800
1274
3020
4140
8748
7523
2199
6616
6843
5215
3035
4019
4409
5020
4169
6980
525
7820
2256
1336
3170
5478
38
2274
8181
6623
4018
1380
7681
7751
6922
1296
2830
9759
363
967
2334
4443
4275
816
2496
1106
6614
4646
887
4171
6149
1573
377
9455
5758
8830
5620
2089
6934
4949
4465
7393
9057
8450
5682
3613
7211
4712
9034
1918
6298
455
5337
3688
718
9810
524
3095
4620
394
2196
728
3066
7274
6567
2930
6494
8709
5217
2030
2429
4013
4502
9915
2893
1116
5679
9270
4303
2278
170
7247
966
3793
2514
3960
6169
1832
991
8577
4972
8708
4942
6229
9762
1566
7531
7972
2524
5717
634
3405
569
4057
3209
9275
4303
7652
4202
8661
5326
5944
1938
4836
4784
4230
1844
5583
5206
6771
2863
968
2615
8403
8944
8203
7198
3196
4885
7556
5805
1593
3389
1927
8159
3254
972
4490
3541
4128
6688
1724
6599
5481
8343
9245
551
9981
4900
3365
1314
6123
1911
6411
5587
2154
8798
4797
5873
767
7389
9823
7206
6421
714
4222
938
912
4567
402
6959
2945
7753
6982
4049
4395
7024
2407
3118
2301
2507
7120
3866
1226
6698
7951
8318
10000
297
4280
4192
2623
3310
3493
1954
1133
8308
2605
5353
3191
4572
6734
8253
4906
5022
1775
7764
5773
1283
6314
1094
1804
4956
1448
6406
6340
3937
8987
3922
7157
1584
8710
2928
9846
5524
5684
4380
5765
2
8873
707
3965
1656
7952
6911
7954
6833
4720
3301
4066
8833
678
595
5870
7569
4316
880
2209
7931
3653
1345
9210
7637
790
5452
3710
8761
4406
8442
4872
3973
1930
7811
1378
5921
8762
8100
994
2193
3098
3412
5408
4339
1689
4733
3294
8567
6269
2403
4324
2502
5350
7898
9550
7418
9874
9255
2206
5498
3222
7519
4587
3245
6684
8226
7995
7735
7257
8173
1811
2600
1905
7402
6757
2623
9671
984
5219
5487
1023
3447
1692
7128
8905
2542
4496
2105
3497
3135
7377
922
7927
2013
9421
8222
4622
9699
6991
1525
6222
6443
6399
8231
1988
8910
3065
882
8976
8956
3362
4097
1285
9106
8436
1231
232
6659
367
5007
758
5648
5966
11
1010
4573
2988
6526
145
2253
851
3384
8486
1044
5251
2064
2805
7516
6946
284
6675
5362
3779
846
4229
7622
4429
6322
6379
4879
2505
7556
9074
1094
7177
6239
4431
1806
73
3331
5155
4237
502
9411
5291
6766
6046
5757
3087
9133
4828
1130
2878
4542
4557
9579
3859
2041
7232
7847
1192
4585
8975
859
851
1710
8084
4253
404
6009
5440
1854
8244
6105
6328
1626
9908
4677
8169
2720
8499
5395
2604
2041
160
3604
2667
8396
6917
9862
8552
9957
2367
8116
7699
5433
4254
4214
7962
8222
2165
8132
5204
3825
6097
4820
1976
738
3200
3187
3552
685
2325
3475
123
8181
5172
152
5238
8806
3285
9903
8331
6437
1585
2434
2618
8887
9021
1286
5141
2935
6516
9902
8391
6520
2679
5865
4888
4904
9081
8725
1985
2661
574
3221
4919
7232
4256
2637
5001
4144
4846
3247
3019
3977
1387
193
4405
3673
6542
5388
8343
7623
5014
3472
3806
7259
3391
3570
7239
3102
1638
7761
3424
5936
5249
2097
1912
9946
4328
417
6615
4589
9383
4542
5652
642
1309
4774
2179
4385
8609
1575
9957
994
812
32
9635
273
2837
6799
6987
9166
6333
654
666
2696
2339
3331
2274
6414
6560
7819
4361
1983
2752
4205
8914
4923
9881
9397
7630
8117
9639
705
4856
4598
4494
8207
9763
6974
8007
6656
4076
7009
7846
2143
3184
7067
5005
2354
7414
1459
1463
3314
1503
7956
3535
3916
5835
3503
3896
6321
4497
95
9546
3615
4783
257
4677
8449
1812
4996
6731
8783
4121
9572
1393
7279
3766
5855
5260
5709
1309
1975
5459
9170
6218
6965
5208
1484
7616
5557
490
3670
3773
3004
35
3026
8249
1948
3206
6269
4545
8830
5913
7266
8529
2127
5622
318
4831
4608
4714
9103
5959
9091
9945
9040
4573
2477
7049
8016
9990
9217
4019
3861
3495
1244
2122
4327
9630
2392
2977
6867
4091
461
4245
9942
5131
826
8914
4966
6330
5738
552
7605
6886
6350
4845
9987
6194
8382
1587
1075
9225
2869
3633
7446
5532
1154
6894
3721
845
1060
9389
24
4849
3724
8509
2661
2854
2063
2326
5084
2692
184
2854
1231
1808
72
2797
619
8864
7525
4572
2964
1588
1305
7322
701
3
8038
7664
1044
4001
2278
4965
7707
7322
9090
5230
7583
4990
9246
6163
9913
146
2331
1336
1424
4317
5163
8692
8631
3647
62
6192
9343
8803
9673
1696
4870
2601
1548
9544
389
1322
8616
6617
4290
8021
730
7990
1037
6629
2872
7165
7681
5841
742
3023
1343
6586
1815
3438
9650
4699
7941
731
8132
1076
8351
4674
515
580
3448
2930
225
2734
267
908
4270
1574
1408
369
1925
7750
923
5275
8802
3073
9943
5711
2539
4585
2781
3725
9015
9842
2569
4215
5658
8831
4985
5081
501
5607
3913
842
3309
1389
6274
9348
7950
7412
2827
6932
6223
6217
9440
8571
5382
9558
2278
2239
8952
6697
7306
5841
2649
7315
2947
8828
2680
3915
9491
7003
1466
4935
4096
5211
2903
8706
8333
680
5298
4097
5081
5311
181
2191
5488
81
7642
5631
7900
247
8295
6635
428
443
5815
3121
5081
3303
3867
7692
4642
1699
3026
3124
6245
1277
1947
8377
9730
5602
1306
7543
3415
1794
6063
7714
5122
4228
2617
7011
9506
6063
7011
1774
8856
4763
8684
4125
8010
4419
7486
3485
187
1407
5900
1184
5374
1789
3356
3828
6594
6999
5692
8952
6302
2929
2679
444
1580
2837
1349
6208
4098
6232
930
7036
5767
705
6081
1726
5927
6295
8902
930
1494
5956
3209
574
8757
5262
3802
3672
578
1703
1549
8703
7974
8891
7937
1286
2464
5912
5931
948
5299
96
4900
2342
409
6157
441
704
4240
5945
2498
2469
6030
6515
9744
7124
6097
2531
1561
2400
9701
9964
1206
7009
2361
43
1417
9574
1525
1633
1024
3349
1672
3545
9293
2589
2281
1172
1912
6742
8471
3256
7748
1384
5677
6814
4832
4130
7105
7944
6248
1428
8449
9728
1184
5330
3465
319
2320
1158
300
4087
4435
7181
9175
6939
4678
7851
6257
3252
9523
4818
4256
5
8694
7049
5341
3332
3752
7675
2958
6152
2817
5387
7309
4022
6287
5540
6624
9259
3379
9547
4416
2325
1414
3165
7501
9324
8584
2563
5804
6327
9846
5742
7022
3236
8342
2859
5594
4308
1059
6333
7698
7224
4822
2325
7565
5924
5614
9823
3217
7523
9293
1893
3546
1093
7044
2687
1721
211
5558
2230
1448
6331
976
3554
3029
9011
7113
9454
9270
2501
2585
3120
6843
5851
127
1553
3190
3328
9112
3689
8592
6317
2448
2471
4988
5686
98
4001
9503
1259
2604
8968
3306
762
9126
2287
3495
9796
1096
814
3938
8934
4895
1379
8517
8413
8237
7920
7303
4826
1672
2716
1891
5578
6533
1783
5443
6605
9520
2087
6544
7203
4462
7629
2437
8918
9066
8218
2593
525
3945
7535
4635
2020
4152
7759
678
9151
4672
2143
4968
7038
2211
6087
8709
928
3064
2262
2206
8768
3881
5616
3186
9223
1931
2540
2173
9483
6131
6373
3567
2907
1198
6102
1890
4768
96
4055
4457
4925
6805
9219
5617
8449
2289
17
9593
5923
7323
8196
3814
2556
9771
9399
1704
1400
88
8345
1808
9785
4609
2627
6435
7570
4414
7468
6231
3047
3150
6356
3283
9710
4920
1256
7220
8757
9020
3833
7558
9996
9154
2624
21
5631
2573
2872
8463
9328
1672
1074
2046
4739
6604
1323
574
6549
1504
3089
6676
2970
4053
8436
1756
9414
8300
9251
4409
370
9781
1981
1264
6091
112
6515
9241
1943
1787
3189
4189
3824
6304
1856
3179
7928
118
7405
5340
2345
1967
7274
6407
8419
6408
5272
2605
1362
6201
8407
5014
4031
519
4073
3834
1458
9178
4774
3143
9537
5360
9064
6773
6290
9120
46
3668
4557
4144
692
4623
3344
7732
7888
6594
858
7458
6993
735
6667
7652
3037
9646
1302
5833
8823
7621
639
4857
6354
6446
3257
3634
8593
1351
8424
9560
7337
3559
9158
1736
4802
947
9282
8684
2360
3209
788
4486
8558
9150
5370
2147
906
4147
2744
1478
5139
6589
1777
6533
4189
5017
504
6385
1872
2948
1149
6185
9527
8728
3738
7167
7054
1184
6771
3030
5162
9468
2144
137
2755
407
6771
7552
7088
5266
2123
6181
4938
7707
1377
3676
9708
17
7885
4042
7303
996
9896
2391
4387
8972
7851
2266
7570
9892
8936
1338
3606
9285
8493
9959
1845
9306
7622
3030
8371
9287
6230
1781
511
598
7206
4966
5247
5063
4909
1473
342
1687
2238
5666
6995
6730
5341
1202
2081
3268
2105
9134
5343
5794
8395
5305
6460
861
8253
829
4230
1757
7496
1543
6145
6742
4916
4934
32
106
1587
4845
2212
3805
3490
8344
5586
5134
1514
8070
747
9623
4969
1195
4189
4023
7351
8069
2719
6640
2116
1567
1716
3092
6472
1081
7210
6973
385
207
6611
3952
5936
4192
2167
7518
8078
2178
5981
9948
417
2971
6613
2614
8270
7639
489
4199
3628
7960
1066
2376
3992
8494
1645
5099
3316
7610
5928
7226
1997
1960
7120
2152
9215
442
7513
3543
8798
7375
7733
1005
4956
951
5976
2854
4459
3732
6543
8104
2708
5455
9916
2859
9468
7492
2108
412
2953
3292
2202
4253
2902
2333
1182
3052
7571
4290
1453
6508
41
6227
8469
7541
7406
8339
4957
5502
7020
7181
6033
2094
3352
42
5552
9143
6843
7835
7121
1022
5180
8976
6448
5359
2043
6124
9860
6688
4775
1127
6549
9391
9283
2330
5905
1248
7162
4728
1881
5769
9613
8041
5442
6883
197
6973
104
8838
5435
1997
2378
5180
2871
6806
7923
8688
4782
6215
9468
6584
1472
7903
66
2426
6542
1308
8565
3390
5889
2257
643
6986
786
5175
6016
8139
2375
6498
8987
3851
5006
5945
3494
6205
6510
1246
835
2846
1077
1421
4591
8178
6985
3085
2911
5051
9814
2202
6750
7741
5557
6323
1369
5654
7301
2317
3319
4547
3967
9446
7278
9564
4750
3722
9325
2024
5446
5457
692
8767
2487
6943
9498
6994
2900
4660
2752
6390
1077
4953
7084
3018
9135
5823
1771
5148
3214
6360
2245
9266
2173
2816
3667
7034
288
1276
7497
8687
3615
4941
2137
1763
164
9268
8247
4656
3073
728
4888
3024
5586
5238
637
5659
5273
9410
4200
2626
1690
422
98
8018
5226
5170
3136
8211
6079
3162
7746
4143
7903
5900
6052
7798
4885
6951
4965
8672
5660
3183
8272
9842
1786
514
2456
9457
378
9319
738
5948
6501
8597
1852
9722
1584
7841
3490
8813
9619
9861
2943
4302
705
123
7961
7813
3855
758
5044
6335
2926
3449
8279
4862
2455
776
7553
5718
4336
1376
782
2211
9026
4499
8604
6698
1209
329
7297
5710
1022
8120
8165
666
8479
8785
1608
3739
9518
1454
1487
5825
7836
4698
2797
7429
3649
7360
9675
2686
7727
8160
5450
1062
5779
2688
7095
2337
1780
6452
9576
2559
5841
5092
6485
3206
6595
5242
5075
642
5329
7352
9561
6771
6705
6792
1389
2414
4700
3475
5137
157
5463
8667
1449
9458
4027
3288
6674
2278
9130
3741
9605
9437
331
4150
685
5426
9175
2617
335
4604
772
521
8794
1219
4566
1471
3913
5507
5186
9056
3111
4396
1191
5862
8793
3487
6413
6179
4064
5767
5822
768
3620
7709
546
6034
3109
1584
9457
2977
7201
7557
2400
778
4527
2755
6338
6190
534
4245
3956
6775
6322
2150
3205
9720
6140
9992
3750
8558
5406
4836
685
7320
654
8292
7228
3696
1240
165
1621
34
2142
2436
7981
5325
2471
2610
9571
9181
3127
632
1364
6069
6088
1472
4956
2514
5197
8795
8108
8278
5356
6162
4974
5127
2807
7767
6047
1747
7054
8626
9076
3107
8272
4766
9379
8531
1159
2365
3651
8724
1846
2389
1792
7428
2991
988
695
3562
9559
4379
5290
2668
9763
6806
2152
1548
9121
9009
6400
9250
7303
5182
603
5676
9383
9663
3327
6699
3405
735
5632
2867
8821
9867
3759
4551
950
8319
5256
395
2263
2509
2088
3644
1833
4796
392
8693
4979
1294
3261
5233
4
2109
9815
8216
4092
5571
5052
7610
2775
8136
7801
772
9321
9793
4257
903
2250
2434
560
7694
1482
9811
621
6842
5059
9301
3590
8037
6518
3076
3536
1024
9400
5176
1821
5367
1671
8115
9055
1663
2647
3585
2441
9923
7217
493
8775
8989
1545
550
911
82
5670
4755
1357
3186
9355
7969
7368
7019
8679
8575
3072
118
2317
2582
9775
3399
7046
4050
8242
3277
4801
8819
2114
6601
4222
8413
663
4748
2925
284
4945
9025
2214
7794
455
1376
4864
1271
8908
9551
6965
5677
5079
5653
435
4001
4612
1468
9773
8798
7450
1215
9879
2190
3290
3217
7007
1779
1927
4306
228
9194
5589
6478
3495
5438
5064
8084
5646
2779
7361
5956
8318
4104
9529
2634
7966
8722
6485
3
6268
7118
5442
6232
2093
2585
9985
6922
2072
458
3710
8753
902
7915
5124
3632
2033
9488
841
8402
1589
8621
933
5335
2972
4557
3008
8190
4909
7757
1421
8285
4110
276
4457
1542
3002
5489
1588
4427
5998
360
9643
8253
2978
1464
4033
1653
1001
4085
2482
8218
7749
6852
6386
2816
7857
5782
7815
1935
906
8055
5475
8111
5612
5539
6981
5140
4746
1775
6156
6257
4919
36
6973
7673
7499
8345
9579
5546
9085
484
5078
9915
1914
4255
5637
9317
4019
7181
7377
336
3126
9980
5032
8357
7341
7802
1961
4722
9061
5292
4413
9653
5642
3870
983
6666
7878
8262
8824
1020
7571
7847
6661
8087
3950
9007
3258
8459
5865
7706
7720
6282
138
4744
2393
5820
3435
7851
8964
9726
1109
5300
8115
7276
5026
3685
5009
4215
8354
9873
5396
556
532
6573
8156
683
3983
4904
7025
8604
4502
7282
2689
5893
138
4488
6284
269
5263
9388
4404
1230
8618
7578
7903
5181
7585
2585
7740
304
480
2644
4427
1293
1296
8431
7613
8650
7759
6724
6840
9377
2512
1005
9022
1339
2719
9093
8442
626
371
7801
1771
7838
1232
8813
9752
8883
2783
6692
8274
4489
9912
8592
1450
8069
4476
4038
6401
5421
963
8920
8373
1740
7366
381
6005
85
5501
8655
9402
7866
9088
9026
8344
7454
6367
154
7608
3673
6215
3130
5246
7538
2379
8584
2639
7509
9543
1643
8028
2915
2496
7005
6966
1426
5434
7540
5703
8787
2267
1839
7576
257
9782
886
8269
6817
1600
5427
355
5154
8633
689
7144
8957
437
368
8059
1989
5380
8971
762
5926
3721
6185
2224
6477
9797
6240
8132
6325
9795
5461
5157
5321
4237
3614
1733
8849
2596
4564
6816
5889
9638
7985
6103
1139
2221
9781
4731
3327
7480
5331
1940
4634
7059
6466
8648
6815
9500
5710
4044
7744
8961
6762
1198
9582
3961
990
285
9884
4638
7060
991
1498
1798
9932
4675
6329
3244
9426
6350
3834
6123
4839
1731
6578
2583
7326
6196
542
9462
3896
8937
5800
6340
7847
4564
2971
4855
9372
7510
7546
4121
7232
5014
5587
5240
1862
7226
3979
4052
4626
1600
5924
8473
6161
1824
8104
5747
5413
6737
835
381
6360
4804
7803
1019
5933
4939
9742
27
4955
7720
4688
2383
2004
5435
7039
2149
5872
2356
9623
2083
8238
67
801
8046
5230
8787
7313
1747
4082
7427
6793
4440
7667
1657
6656
2881
9290
3333
7973
1041
8015
5660
1456
5853
6860
3299
2958
5048
7371
4459
1635
3889
291
1589
9370
8136
8804
5006
8082
2877
3492
1863
7578
9703
5867
3735
1575
5472
8934
5527
1591
7650
9100
5716
2388
3070
8367
759
9890
9389
6115
9813
9179
2204
9308
3655
4794
9979
607
311
4180
1045
3716
3925
3074
2337
4882
2754
5156
2507
4639
8957
3209
4805
2363
6220
8451
1731
8947
4177
8227
4184
2220
8737
2292
3290
7617
2312
8482
7397
5101
6880
4621
6100
3917
6430
6351
6432
6026
5942
3571
9209
7458
3866
1644
8965
2850
461
5595
1015
1429
3115
624
1819
437
2880
8024
6838
3095
259
8518
439
6117
8950
132
3060
8600
7611
9063
2323
3831
6458
1195
8926
6870
493
5109
7264
5678
2260
9683
2899
328
3456
9375
229
6501
5715
3576
9957
2564
9672
3997
4285
3128
7369
9906
1866
1250
3915
5174
9276
5658
6550
4864
2741
7742
3113
6909
5286
5896
8700
8512
2465
2584
528
5890
3869
8260
5049
5994
1038
5291
3920
4772
7995
6967
9975
5829
987
1087
8094
6968
8551
8188
5750
1223
7681
4408
4110
6268
3895
6051
7784
2398
3715
9371
7990
5643
1619
8555
4287
5135
3256
8107
5103
8067
918
377
1166
6724
7162
5863
5104
1330
2551
6578
8066
3070
6159
4617
2478
9506
1031
8490
7622
2254
9822
4949
5900
6777
3764
4151
4463
2572
6979
9053
3137
1887
1994
1937
84
4341
530
7164
6421
8802
3090
2043
4868
9034
1286
3358
2888
7398
9947
5701
6101
1756
2462
7517
4855
2673
5601
9805
6240
7064
4674
7835
6191
2804
928
7147
5643
7702
7193
1453
8961
3839
8904
7490
6928
3001
4377
585
4430
8644
1308
4193
727
581
3170
905
5650
2983
9961
4475
6797
3100
3582
3933
3591
9569
7742
7408
9541
9620
7466
4620
5280
9638
3478
2970
3768
2305
6495
9117
3775
1520
588
2024
7252
1476
2375
5422
1722
1809
8358
8648
3216
5516
9839
5187
5547
27
3910
4732
9240
3974
8923
548
973
5443
4982
8052
9675
6091
5294
9088
8924
4118
8130
9908
6430
9419
2516
5619
6521
1947
4593
1038
8617
2385
7047
8574
1737
9972
7393
817
1149
1204
3517
7155
5546
592
8575
5127
2670
8451
2326
7356
9305
3441
672
8268
6450
4175
5760
8090
9535
6171
6891
35
7392
6669
5487
9627
6132
2370
6800
3869
6403
7532
2891
6465
5198
6198
2404
2241
7553
2948
2620
8323
3883
4280
8819
8910
9802
9142
2528
1168
5142
788
2481
2217
4625
6303
7766
7568
9438
4891
3335
8689
545
9773
6805
3305
897
1045
3536
1455
2968
481
1877
9434
587
1880
542
5174
423
4242
5557
8648
8043
8229
1309
5489
8368
2931
8660
4836
4358
5460
9756
1148
1286
9831
8240
5837
3930
9141
4558
9666
266
4601
8855
2262
4416
1698
5391
4736
2829
6087
7174
8413
9861
3488
4077
964
6911
6348
6220
662
2963
1087
5855
7572
9150
8868
922
6272
2023
572
3676
9572
6772
4332
617
6533
8479
7940
5544
1965
9974
7572
2782
1294
2525
6251
3579
3974
5887
5255
5978
7057
2593
1521
8618
2983
2887
1270
9106
9897
5492
6683
6363
534
721
4980
3056
5369
7543
4353
4496
4184
4021
6413
6231
9774
5982
5380
2583
9149
7610
476
5678
7372
2699
8420
